**T2**

1. let original matrix $\left( \begin{array}{cc} a_{11} & a_1^T \\ a_1 & A_0 \end{array} \right)$

   after operation we get $\left( \begin{array}{cc} a_{11} & a_1^T \\ 0 & A_2 \end{array} \right)$

   $A_{2(i,j)} = A_{0(i,j)} - \frac{a_{1(i)} \cdot a_{1(j)}}{a_{11}}$ 

   $A_{2(j,i)} = A_{0(j,i)} - \frac{a_{1(j)}\cdot a_{1(i)}}{a_{11}}$ 

   $A_{2(i,j)} = A_{2(j,i)}$ 

   

2. $$
   \left(
   \begin{array}{cc}
    0.6428 &  0.3475 & -0.8468 &  0.4127 \\
    0.3475 &  1.8423 &  0.4759 &  1.7321 \\
   -0.8468 &  0.4759 &  1.2147 & -0.8621 \\
   \end{array}
   \right) \\
   \rightarrow
   \left(
   \begin{array}{cc}
    0.8468 & -0.4759 & -1.2147 &  0.8621 \\
    0.6428 &  0.3475 & -0.8468 &  0.4127 \\
    0.3475 &  1.8423 &  0.4759 &  1.7321 \\
   \end{array}
   \right) \\
   \rightarrow
   \left(
   \begin{array}{cc}
    0.8468 & -0.4759 & -1.2147 &  0.8621 \\
    0.0000 &  0.7088 &  0.0753 &  0.2417 \\
    0.0000 &  2.0376 &  0.9744 &  1.3783 \\
   \end{array}
   \right) \\
   \rightarrow
   \left(
   \begin{array}{cc}
    0.8468 & -0.4759 & -1.2147 &  0.8621 \\
    0.0000 &  2.0376 &  0.9744 &  1.3783 \\
    0.0000 &  0.7088 &  0.0753 &  0.2417 \\
   \end{array}
   \right) \\
   \rightarrow
   \left(
   \begin{array}{cc}
    0.8468 & -0.4759 & -1.2147 &  0.8621 \\
    0.0000 &  2.0376 &  0.9744 &  1.3783 \\
    0.0000 &  0.0000 & -0.2636 & -0.2378 \\
   \end{array}
   \right) \\
   \rightarrow
   \left(
   \begin{array}{cc}
    0.8468 & -0.4759 &  0.0000 & -0.2337 \\
    0.0000 &  2.0376 &  0.0000 &  0.4993 \\
    0.0000 &  0.0000 & -0.2636 & -0.2378 \\
   \end{array}
   \right) \\
   \rightarrow
   \left(
   \begin{array}{cc}
    0.8468 &  0.0000 &  0.0000 & -0.1171 \\
    0.0000 &  2.0376 &  0.0000 &  0.4993 \\
    0.0000 &  0.0000 & -0.2636 & -0.2378 \\
   \end{array}
   \right) \\
   \left(
   \begin{array}{cc}
   x_1 \\ x_2 \\ x_3
   \end{array}
   \right)
   =
   \left(
   \begin{array}{cc}
   -0.1383 \\
    0.2450 \\
    0.9021 \\
   \end{array}
   \right)
   $$



**T12**

no big difference between all the elements, so it is of no need to choose the max element.
$$
\left(
\begin{array}{cc}
 2 &  1 & -3 & -1 &  1 &  0 &  0 &  0 \\
 3 &  1 &  0 &  7 &  0 &  1 &  0 &  0 \\
-1 &  2 &  4 & -2 &  0 &  0 &  1 &  0 \\
 1 &  0 & -1 &  5 &  0 &  0 &  0 &  1 \\
\end{array}
\right) \\
\left(
\begin{array}{cc}
 1 &1/3 &  0 &  7/3 &  0 &1/3 &  0 &  0 \\
 0 &1/3 & -3 &-17/3 &  1 &-2/3&  0 &  0 \\
 0 &-7/3& -4 & -1/3 &  0 &-1/3& -1 &  0 \\
 0 &-1/3& -1 &  8/3 &  0 &-1/3&  0 &  1 \\
\end{array}
\right) \\
\left(
\begin{array}{cc}
 1 &1/3 &  0 &  7/3 &  0 &1/3 &  0 &  0 \\
 0 & 7/3&  4 &  1/3 &  0 & 1/3&  1 &  0 \\
 0 & 1/3& -3 &-17/3 &  1 &-2/3&  0 &  0 \\
 0 & 1/3&  1 & -8/3 &  0 & 1/3&  0 & -1 \\
\end{array}
\right) \\
$$


























